{
    "@module": "dpdata.system",
    "@class": "LabeledSystem",
    "data": {
        "atom_numbs": [
            4
        ],
        "atom_names": [
            "Mo"
        ],
        "atom_types": {
            "@module": "numpy",
            "@class": "array",
            "dtype": "int64",
            "data": [
                0,
                0,
                0,
                0
            ]
        },
        "orig": {
            "@module": "numpy",
            "@class": "array",
            "dtype": "int64",
            "data": [
                0,
                0,
                0
            ]
        },
        "cells": {
            "@module": "numpy",
            "@class": "array",
            "dtype": "float64",
            "data": [
                [
                    [
                        4.0038866455,
                        0.0,
                        0.0
                    ],
                    [
                        0.0,
                        4.0038866455,
                        0.0
                    ],
                    [
                        0.0,
                        0.0,
                        4.0038866455
                    ]
                ],
                [
                    [
                        4.002891431188124,
                        0.0,
                        0.0
                    ],
                    [
                        0.0,
                        4.002891431188124,
                        0.0
                    ],
                    [
                        0.0,
                        0.0,
                        4.002891431188124
                    ]
                ],
                [
                    [
                        4.002891431188144,
                        0.0,
                        0.0
                    ],
                    [
                        0.0,
                        4.002891431188144,
                        0.0
                    ],
                    [
                        0.0,
                        0.0,
                        4.002891431188144
                    ]
                ],
                [
                    [
                        4.002891431188142,
                        0.0,
                        0.0
                    ],
                    [
                        -3.384768307546821e-17,
                        4.002891431188142,
                        0.0
                    ],
                    [
                        -2.360762396321777e-17,
                        -2.9295144479997265e-17,
                        4.002891431188142
                    ]
                ]
            ]
        },
        "coords": {
            "@module": "numpy",
            "@class": "array",
            "dtype": "float64",
            "data": [
                [
                    [
                        0.0,
                        0.0,
                        0.0
                    ],
                    [
                        0.0,
                        2.00194332275,
                        2.00194332275
                    ],
                    [
                        2.00194332275,
                        0.0,
                        2.00194332275
                    ],
                    [
                        2.00194332275,
                        2.00194332275,
                        0.0
                    ]
                ],
                [
                    [
                        -2.49955751950825e-11,
                        -2.49955751950825e-11,
                        -2.49955751950825e-11
                    ],
                    [
                        -2.49955751950825e-11,
                        2.001445715594062,
                        2.001445715594062
                    ],
                    [
                        2.001445715594062,
                        -2.49955751950825e-11,
                        2.001445715594062
                    ],
                    [
                        2.001445715594062,
                        2.001445715594062,
                        -2.49955751950825e-11
                    ]
                ],
                [
                    [
                        4.002891431188144,
                        4.002891431188144,
                        4.002891431188144
                    ],
                    [
                        4.002891431188144,
                        2.001445715594072,
                        2.001445715594072
                    ],
                    [
                        2.001445715594072,
                        4.002891431188144,
                        2.001445715594072
                    ],
                    [
                        2.001445715594072,
                        2.001445715594072,
                        4.002891431188144
                    ]
                ],
                [
                    [
                        4.002891431188142,
                        4.002891431188142,
                        4.002891431188142
                    ],
                    [
                        4.002891431188142,
                        2.001445715594071,
                        2.001445715594071
                    ],
                    [
                        2.001445715594071,
                        4.002891431188142,
                        2.001445715594071
                    ],
                    [
                        2.001445715594071,
                        2.001445715594071,
                        4.002891431188142
                    ]
                ]
            ]
        },
        "energies": {
            "@module": "numpy",
            "@class": "array",
            "dtype": "float64",
            "data": [
                -42.033339,
                -42.033369,
                -42.033369,
                -42.033369
            ]
        },
        "forces": {
            "@module": "numpy",
            "@class": "array",
            "dtype": "float64",
            "data": [
                [
                    [
                        -6.98791e-10,
                        -6.98789e-10,
                        -6.98793e-10
                    ],
                    [
                        -6.9879e-10,
                        6.98789e-10,
                        6.98793e-10
                    ],
                    [
                        6.9879e-10,
                        -6.98788e-10,
                        6.98793e-10
                    ],
                    [
                        6.98791e-10,
                        6.98788e-10,
                        -6.98793e-10
                    ]
                ],
                [
                    [
                        4.2473e-14,
                        4.23899e-14,
                        4.20611e-14
                    ],
                    [
                        4.36595e-14,
                        -4.28491e-14,
                        -4.25897e-14
                    ],
                    [
                        -4.30732e-14,
                        4.34811e-14,
                        -4.26445e-14
                    ],
                    [
                        -4.29934e-14,
                        -4.30917e-14,
                        4.31348e-14
                    ]
                ],
                [
                    [
                        3.57735e-14,
                        3.58558e-14,
                        3.53056e-14
                    ],
                    [
                        3.49026e-14,
                        -3.5652e-14,
                        -3.48163e-14
                    ],
                    [
                        -3.53259e-14,
                        3.51835e-14,
                        -3.4933e-14
                    ],
                    [
                        -3.54022e-14,
                        -3.53786e-14,
                        3.44526e-14
                    ]
                ],
                [
                    [
                        4.09707e-14,
                        4.09508e-14,
                        4.08628e-14
                    ],
                    [
                        4.29309e-14,
                        -4.18627e-14,
                        -4.17944e-14
                    ],
                    [
                        -4.2015e-14,
                        4.26018e-14,
                        -4.16458e-14
                    ],
                    [
                        -4.19595e-14,
                        -4.17339e-14,
                        4.24359e-14
                    ]
                ]
            ]
        },
        "virials": {
            "@module": "numpy",
            "@class": "array",
            "dtype": "float64",
            "data": [
                [
                    [
                        -0.08222684593304691,
                        -9.779502973993095e-17,
                        -1.17093826809981e-16
                    ],
                    [
                        -9.779502973993095e-17,
                        -0.08222684593304691,
                        1.552577394868541e-16
                    ],
                    [
                        -1.17093826809981e-16,
                        1.552577394868541e-16,
                        -0.08222684593304691
                    ]
                ],
                [
                    [
                        1.7182601539725798e-12,
                        9.491105211730524e-16,
                        1.642349338043551e-15
                    ],
                    [
                        9.491105211730524e-16,
                        1.7180717217193447e-12,
                        1.0668548585817925e-15
                    ],
                    [
                        1.642349338043551e-15,
                        1.0668548585817925e-15,
                        1.7162138605677849e-12
                    ]
                ],
                [
                    [
                        -1.310965139655984e-13,
                        1.1726729996254958e-15,
                        8.118505351228552e-16
                    ],
                    [
                        1.1726729996254958e-15,
                        -1.320618859860607e-13,
                        1.5647204539156727e-15
                    ],
                    [
                        8.118505351228552e-16,
                        1.5647204539156727e-15,
                        -1.2647087244787613e-13
                    ]
                ],
                [
                    [
                        -8.901906339121072e-14,
                        4.3368085407158287e-16,
                        4.510280706202139e-16
                    ],
                    [
                        4.3368085407158287e-16,
                        -8.790797363083424e-14,
                        -4.423544623458984e-17
                    ],
                    [
                        4.510280706202139e-16,
                        -4.423544623458984e-17,
                        -8.911967668673993e-14
                    ]
                ]
            ]
        },
        "stress": {
            "@module": "numpy",
            "@class": "array",
            "dtype": "float64",
            "data": [
                [
                    [
                        -2.0524789,
                        -2.4410791e-15,
                        -2.9227997999999997e-15
                    ],
                    [
                        -2.4410791e-15,
                        -2.0524789,
                        3.875416e-15
                    ],
                    [
                        -2.9227997999999997e-15,
                        3.875416e-15,
                        -2.0524789
                    ]
                ],
                [
                    [
                        4.2921795e-11,
                        2.3708591e-14,
                        4.1025558e-14
                    ],
                    [
                        2.3708591e-14,
                        4.2917088000000005e-11,
                        2.6649821e-14
                    ],
                    [
                        4.1025558e-14,
                        2.6649821e-14,
                        4.2870679e-11
                    ]
                ],
                [
                    [
                        -3.2747647e-12,
                        2.9293137e-14,
                        2.0279864e-14
                    ],
                    [
                        2.9293137e-14,
                        -3.2988795e-12,
                        3.9086404000000004e-14
                    ],
                    [
                        2.0279864e-14,
                        3.9086404000000004e-14,
                        -3.1592171e-12
                    ]
                ],
                [
                    [
                        -2.2236784e-12,
                        1.0833261e-14,
                        1.1266591e-14
                    ],
                    [
                        1.0833261e-14,
                        -2.1959236e-12,
                        -1.1049926e-15
                    ],
                    [
                        1.1266591e-14,
                        -1.1049926e-15,
                        -2.2261917e-12
                    ]
                ]
            ]
        }
    }
}