{
    "@module": "dpdata.system",
    "@class": "LabeledSystem",
    "data": {
        "atom_numbs": [
            2
        ],
        "atom_names": [
            "Mo"
        ],
        "atom_types": {
            "@module": "numpy",
            "@class": "array",
            "dtype": "int64",
            "data": [
                0,
                0
            ]
        },
        "orig": {
            "@module": "numpy",
            "@class": "array",
            "dtype": "int64",
            "data": [
                0,
                0,
                0
            ]
        },
        "cells": {
            "@module": "numpy",
            "@class": "array",
            "dtype": "float64",
            "data": [
                [
                    [
                        3.1623672675,
                        0.0,
                        0.0
                    ],
                    [
                        0.0,
                        3.1623672675,
                        0.0
                    ],
                    [
                        0.0,
                        0.0,
                        3.1623672675
                    ]
                ],
                [
                    [
                        3.1617699325119095,
                        0.0,
                        0.0
                    ],
                    [
                        0.0,
                        3.1617699325119095,
                        0.0
                    ],
                    [
                        0.0,
                        0.0,
                        3.1617699325119095
                    ]
                ],
                [
                    [
                        3.161769932512556,
                        0.0,
                        0.0
                    ],
                    [
                        0.0,
                        3.161769932512556,
                        0.0
                    ],
                    [
                        0.0,
                        0.0,
                        3.161769932512556
                    ]
                ],
                [
                    [
                        3.161769932512563,
                        0.0,
                        0.0
                    ],
                    [
                        -2.960725380596838e-17,
                        3.161769932512563,
                        0.0
                    ],
                    [
                        -6.151755163025535e-18,
                        -4.3742379676789617e-17,
                        3.161769932512563
                    ]
                ]
            ]
        },
        "coords": {
            "@module": "numpy",
            "@class": "array",
            "dtype": "float64",
            "data": [
                [
                    [
                        0.0,
                        0.0,
                        0.0
                    ],
                    [
                        1.58118363375,
                        1.58118363375,
                        1.58118363375
                    ]
                ],
                [
                    [
                        2.4983136151834082e-11,
                        2.4982946445638128e-11,
                        2.4983167769533404e-11
                    ],
                    [
                        1.5808849662559548,
                        1.5808849662559548,
                        1.5808849662559548
                    ]
                ],
                [
                    [
                        2.4984021447420296e-11,
                        2.4983863358923663e-11,
                        2.4984053065119617e-11
                    ],
                    [
                        1.580884966256278,
                        1.580884966256278,
                        1.580884966256278
                    ]
                ],
                [
                    [
                        2.498686704035961e-11,
                        2.4986740569562307e-11,
                        2.498686704035961e-11
                    ],
                    [
                        1.5808849662562816,
                        1.5808849662562816,
                        1.5808849662562816
                    ]
                ]
            ]
        },
        "energies": {
            "@module": "numpy",
            "@class": "array",
            "dtype": "float64",
            "data": [
                -21.819595,
                -21.819603,
                -21.819603,
                -21.819603
            ]
        },
        "forces": {
            "@module": "numpy",
            "@class": "array",
            "dtype": "float64",
            "data": [
                [
                    [
                        2.81271e-10,
                        2.81271e-10,
                        2.81272e-10
                    ],
                    [
                        -2.81271e-10,
                        -2.81271e-10,
                        -2.81272e-10
                    ]
                ],
                [
                    [
                        1.35308e-13,
                        1.37146e-13,
                        1.35987e-13
                    ],
                    [
                        -1.35114e-13,
                        -1.37119e-13,
                        -1.36087e-13
                    ]
                ],
                [
                    [
                        1.25483e-13,
                        1.29439e-13,
                        1.25312e-13
                    ],
                    [
                        -1.25289e-13,
                        -1.29511e-13,
                        -1.25374e-13
                    ]
                ],
                [
                    [
                        9.22873e-14,
                        9.67531e-14,
                        9.22827e-14
                    ],
                    [
                        -9.21763e-14,
                        -9.67112e-14,
                        -9.23563e-14
                    ]
                ]
            ]
        },
        "virials": {
            "@module": "numpy",
            "@class": "array",
            "dtype": "float64",
            "data": [
                [
                    [
                        -0.028490678266838473,
                        7.752044944674401e-16,
                        9.011887862947418e-16
                    ],
                    [
                        7.752044944674401e-16,
                        -0.028490678266838473,
                        7.715182047547732e-16
                    ],
                    [
                        9.011887862947418e-16,
                        7.715182047547732e-16,
                        -0.028490678266838473
                    ]
                ],
                [
                    [
                        3.084661882363133e-11,
                        -2.602085005691143e-17,
                        9.913943976241015e-16
                    ],
                    [
                        -2.602085005691143e-17,
                        3.0849877869314894e-11,
                        -7.372574281430969e-17
                    ],
                    [
                        9.913943976241015e-16,
                        -7.372574281430969e-17,
                        3.084729548989613e-11
                    ]
                ],
                [
                    [
                        1.7168806341194847e-13,
                        -1.387778669702794e-17,
                        8.916477929166996e-16
                    ],
                    [
                        -1.387778669702794e-17,
                        1.7362813464073028e-13,
                        -5.17381235594491e-16
                    ],
                    [
                        8.916477929166996e-16,
                        -5.17381235594491e-16,
                        1.7054412062192606e-13
                    ]
                ],
                [
                    [
                        -2.983259003810732e-13,
                        6.685190057006595e-16,
                        -1.8362046537314735e-15
                    ],
                    [
                        6.685190057006595e-16,
                        -3.0050482493739245e-13,
                        2.1423833943468567e-16
                    ],
                    [
                        -1.8362046537314735e-15,
                        2.1423833943468567e-16,
                        -2.993473310669824e-13
                    ]
                ]
            ]
        },
        "stress": {
            "@module": "numpy",
            "@class": "array",
            "dtype": "float64",
            "data": [
                [
                    [
                        -1.4433653,
                        3.9272608999999997e-14,
                        4.5655095e-14
                    ],
                    [
                        3.9272608999999997e-14,
                        -1.4433653,
                        3.9085857999999995e-14
                    ],
                    [
                        4.5655095e-14,
                        3.9085857999999995e-14,
                        -1.4433653
                    ]
                ],
                [
                    [
                        1.5636054000000001e-09,
                        -1.3189887e-15,
                        5.025347e-14
                    ],
                    [
                        -1.3189887e-15,
                        1.5637706e-09,
                        -3.7371347e-15
                    ],
                    [
                        5.025347e-14,
                        -3.7371347e-15,
                        1.5636396999999999e-09
                    ]
                ],
                [
                    [
                        8.7028139e-12,
                        -7.0346064e-16,
                        4.5197346000000004e-14
                    ],
                    [
                        -7.0346064e-16,
                        8.801155500000001e-12,
                        -2.6225892e-14
                    ],
                    [
                        4.5197346000000004e-14,
                        -2.6225892e-14,
                        8.6448278e-12
                    ]
                ],
                [
                    [
                        -1.5122046e-11,
                        3.3887018e-14,
                        -9.3076636e-14
                    ],
                    [
                        3.3887018e-14,
                        -1.5232494999999998e-11,
                        1.0859674e-14
                    ],
                    [
                        -9.3076636e-14,
                        1.0859674e-14,
                        -1.5173822e-11
                    ]
                ]
            ]
        }
    }
}